
2,0,conserver|158|2000|0|0|0|(75.000000,45.000000)(0.000000,0.000000)|2:0:(119.998968,45.001582)(-0.000199,0.000305)(0.000832,-0.001276)(-90.000000,0.000000)|1:0:(4.999512,45.001122)(-0.000366,0.000842)(0.000122,-0.000280)(90.000000,0.000000)|1:1:(29.999856,45.000212)(0.001027,-0.001506)(0.001172,-0.001718)(90.000000,0.000000)|2:1:(130.000073,45.000323)(0.000257,0.001132)(0.000184,0.000809)(-90.000000,0.000000)
2,0,dribbler|483|2000|0|0|0|(56.001641,53.876955)(-1.174015,-0.016133)|2:0:(65.167007,53.935161)(-0.999868,-0.016264)(-8.991219,-0.058337)(-2.000000,0.000000)|1:0:(7.000056,49.999935)(0.000028,-0.000070)(-0.000028,-0.000006)(90.000000,20.000000)|1:1:(40.384194,53.903962)(0.999976,-0.006891)(17.791439,-0.017765)(90.000000,0.000000)|2:1:(130.000000,45.000000)(-0.000000,-0.000000)(0.000000,0.000000)(-90.000000,-8.893089)
2,0,tirer|558|2000|0|0|0|(99.649059,53.468076)(0.111804,-0.000458)|2:0:(88.412747,53.501754)(0.999996,-0.002896)(12.124504,-0.036116)(-1.080605,-1.682942)|1:0:(7.000001,50.000000)(0.000001,-0.000001)(0.000000,-0.000001)(90.000000,20.000000)|1:1:(29.495553,53.457242)(0.086413,0.000327)(0.590860,0.011619)(90.000000,-8.468534)|2:1:(130.000000,45.000000)(-0.000000,-0.000000)(-0.000000,-0.000000)(-90.000000,-8.468534)
2,0,dribbler|628|2000|0|0|0|(41.444117,46.680634)(5.432024,-2.548160)|2:0:(60.626384,50.781884)(-0.998022,-0.062866)(-25.612312,-1.615956)(-61.624406,-5.844750)|1:0:(5.503511,49.432356)(0.017979,0.014393)(-0.485532,-0.189170)(90.000000,-4.228793)|1:1:(34.900963,48.945972)(0.051192,0.042489)(1.162323,0.325310)(40.150230,-26.903483)|2:1:(130.000000,45.000000)(-0.000000,-0.000000)(-0.000000,-0.000000)(-90.000000,-4.228793)
2,0,conserver|646|2000|0|0|0|(83.306499,27.043011)(1.024646,-0.480661)|2:0:(58.772703,38.555814)(0.758369,-0.651825)(24.267520,-11.683967)(-2.000000,0.000000)|1:0:(0.000000,40.293908)(-0.000000,-0.000000)(-3.000000,-0.314779)(90.000000,20.000000)|1:1:(45.303624,41.219676)(-0.180147,-0.872447)(-15.483772,-14.568452)(90.000000,-17.476328)|2:1:(130.000000,45.000000)(-0.000000,-0.000000)(-0.000000,-0.000000)(-90.000000,-17.476328)
2,0,conserver|677|2000|0|0|0|(95.896160,21.137208)(0.128374,-0.060220)|2:0:(86.620057,25.105039)(0.920092,-0.391703)(10.067820,-4.299314)(-2.000000,0.000000)|1:0:(0.000000,40.034713)(-0.000000,-0.000000)(-3.000000,-0.037192)(90.000000,20.000000)|1:1:(29.502360,19.692902)(0.189563,0.154270)(0.687202,1.658796)(90.000000,-23.802572)|2:1:(130.000000,45.000000)(-0.000000,-0.000000)(-0.000000,0.000000)(-90.000000,-23.802572)
2,0,dribbler|730|2000|0|0|0|(63.706661,22.431266)(-1.702381,-0.129551)|2:0:(69.852306,22.934795)(-0.446459,-0.077027)(-4.889723,-0.451005)(-2.000000,0.000000)|1:0:(0.000000,40.000896)(-0.000000,-0.000000)(-3.000000,-0.000960)(90.000000,20.000000)|1:1:(43.061372,22.238881)(0.999951,0.009850)(23.347622,0.331786)(90.000000,0.000000)|2:1:(130.000000,45.000000)(-0.000000,-0.000000)(-0.000000,-0.000000)(-90.000000,-22.439183)
2,0,conserver|796|2000|0|0|0|(87.929597,14.887283)(0.249881,-0.034391)|2:0:(75.617230,16.546516)(0.991149,-0.132756)(13.053636,-1.757598)(-1.080605,-1.682942)|1:0:(0.000000,40.000009)(-0.000000,-0.000000)(-3.000000,-0.000010)(90.000000,20.000000)|1:1:(39.028503,16.048523)(-0.992375,-0.123254)(-10.020878,-1.250104)(90.000000,-30.078326)|2:1:(130.000000,45.000000)(-0.000000,-0.000000)(-0.000000,-0.000000)(-90.000000,-30.078326)
2,0,conserver|834|2000|0|0|0|(68.609572,13.859078)(-0.508751,-0.015604)|2:0:(75.060535,14.100753)(-0.999460,-0.032872)(-6.941672,-0.258943)(-2.000000,0.000000)|1:0:(0.000000,40.000001)(-0.000000,-0.000000)(-3.000000,-0.000001)(90.000000,20.000000)|1:1:(35.152970,13.190629)(0.999909,-0.013516)(34.965262,0.670537)(90.000000,0.000000)|2:1:(130.000000,45.000000)(-0.000000,0.000000)(-0.000000,0.000000)(-90.000000,-31.125318)
2,0,conserver|934|2000|0|0|0|(78.379611,46.262875)(0.073981,0.056458)|2:0:(77.584187,45.655944)(0.789735,0.613448)(1.511179,1.163920)(-2.000000,0.000000)|1:0:(5.100115,45.786556)(0.199647,-0.059180)(0.099532,0.360680)(90.000000,-1.206417)|1:1:(45.752280,42.037448)(-0.956437,0.291940)(-16.708717,4.460909)(90.000000,-1.206417)|2:1:(130.000000,45.000000)(-0.000000,-0.000000)(-0.000000,-0.000000)(-90.000000,-1.206417)
2,0,conserver|1018|2000|0|0|0|(122.947203,47.512770)(0.070854,0.002824)|2:0:(114.442972,47.037537)(0.998377,0.056953)(9.431753,0.529362)(-2.000000,0.000000)|1:0:(4.991521,47.508122)(-0.003352,0.007539)(0.005127,0.009363)(90.000000,-2.509946)|1:1:(29.204203,47.797668)(-0.016218,0.020683)(0.779579,-0.267039)(90.000000,-2.509946)|2:1:(130.000000,45.000000)(-0.000000,-0.000000)(-0.000000,-0.000000)(-90.000000,-2.509946)
2,0,dribbler|1062|2000|0|0|0|(89.493517,47.379212)(-1.583510,0.012893)|2:0:(97.265682,47.288197)(-0.999998,0.001919)(-7.188654,0.080041)(-2.000000,0.000000)|1:0:(5.000787,47.369497)(0.000120,-0.010098)(-0.000667,-0.013277)(90.000000,-2.366319)|1:1:(30.020157,47.357512)(-0.041376,0.006292)(-0.061533,0.015099)(90.000000,-2.366319)|2:1:(130.000000,45.000000)(-0.000000,0.000000)(-0.000000,0.000000)(-90.000000,-2.366319)
2,0,conserver|1165|2000|0|0|0|(95.145371,26.005340)(0.184500,-0.074758)|2:0:(79.973292,32.069301)(0.928754,-0.370696)(15.916333,-6.359900)(-1.080605,-1.682942)|1:0:(0.000000,39.903418)(-0.000000,0.000000)(-3.000000,0.103476)(90.000000,20.000000)|1:1:(29.436922,25.952968)(-0.665448,-0.746444)(-0.102370,-0.619315)(90.000000,-18.919902)|2:1:(130.000000,45.000000)(0.000000,0.000000)(0.000000,0.000000)(-90.000000,-18.919902)
2,0,dribbler|1208|2000|0|0|0|(75.735431,24.636711)(-0.501873,-0.011444)|2:0:(81.200742,24.953282)(-0.998719,-0.050601)(-5.962157,-0.355728)(-2.000000,0.000000)|1:0:(0.000000,39.995027)(-0.000000,0.000000)(-3.000000,0.005328)(90.000000,20.000000)|1:1:(29.961078,24.665901)(0.033496,-0.113836)(0.072418,-0.131582)(90.000000,-20.351844)|2:1:(130.000000,45.000000)(0.000000,0.000000)(0.000000,0.000000)(-90.000000,-20.351844)
2,0,tirer|1248|2000|0|0|0|(45.516583,24.527055)(-0.334588,-0.000169)|2:0:(48.603682,24.526698)(-1.000000,0.000124)(-3.752511,0.000651)(-1.080605,-1.682942)|1:0:(0.000000,39.999685)(-0.000000,0.000000)(-3.000000,0.000337)(90.000000,20.000000)|1:1:(47.354051,24.590020)(-0.999807,-0.019625)(-2.502688,-0.082420)(90.000000,0.000000)|2:1:(130.000000,45.000000)(-0.000000,0.000000)(-0.000000,0.000000)(-90.000000,-20.472775)
2,0,conserver|1289|2000|0|0|0|(50.921229,63.376797)(0.047007,0.260410)|2:0:(49.073567,54.856712)(0.225611,0.974218)(2.026266,9.233892)(-48.847956,-8.882495)|1:0:(7.198596,48.930500)(0.042867,0.195703)(-0.155729,1.265204)(90.000000,20.000000)|1:1:(49.545153,55.421883)(0.170152,0.985418)(1.499221,8.679922)(90.000000,0.000000)|2:1:(130.000000,45.000000)(-0.000000,-0.000000)(-0.000000,0.000000)(-90.000000,-18.116387)
2,0,conserver|1348|2000|0|0|0|(99.450121,56.962687)(0.112802,-0.019036)|2:0:(96.914478,57.497475)(0.971520,-0.236958)(3.394360,-0.752711)(-2.000000,0.000000)|1:0:(6.974199,50.033824)(-0.012500,0.009831)(0.013301,-0.023993)(90.000000,20.000000)|1:1:(28.466149,55.913133)(-0.040011,-0.114192)(1.493840,0.954397)(90.000000,-11.981723)|2:1:(130.000000,45.000000)(-0.000000,-0.000000)(-0.000000,-0.000000)(-90.000000,-11.981723)
2,0,defenseur|1415|2000|0|0|0|(50.834118,54.012846)(-0.290207,0.021364)|2:0:(51.931239,53.915082)(-0.998229,0.059490)(-1.805143,0.135890)(-2.000000,0.000000)|1:0:(7.000752,49.998988)(0.000452,-0.000415)(-0.000300,0.000596)(90.000000,20.000000)|1:1:(53.624070,54.568154)(0.195500,0.307531)(-2.304245,-0.269141)(90.000000,0.000000)|2:1:(130.000000,45.000000)(-0.000000,-0.000000)(-0.000000,0.000000)(-90.000000,-8.991482)
2,0,passer|1651|2000|0|0|0|(19.643166,17.744856)(5.913014,-1.017971)|2:0:(114.934964,15.426984)(0.862050,0.506824)(5.927086,3.842666)(-90.000000,-26.237173)|1:0:(0.000000,39.999997)(-0.000000,0.000000)(-3.000000,0.000003)(90.000000,20.000000)|1:1:(14.027563,18.654227)(-0.995642,0.093257)(-1.293053,0.201857)(59.976795,3.439030)|2:1:(130.000000,45.000000)(0.000000,0.000000)(0.000000,0.000000)(-90.000000,-26.237173)
2,0,passer|1760|2000|0|0|0|(81.025973,7.177334)(0.003330,-0.000573)|2:0:(81.087039,7.137426)(0.018247,0.010172)(-0.046150,0.050653)(-0.000000,0.000000)|1:0:(0.000000,40.000000)(-0.000000,0.000000)(-3.000000,0.000000)(90.000000,20.000000)|1:1:(29.982043,7.249534)(-0.000417,0.054060)(0.017541,-0.017566)(90.000000,-37.822093)|2:1:(130.000000,45.000000)(0.000000,0.000000)(0.000000,0.000000)(-90.000000,-37.822093)
2,0,dribbler|1778|2000|0|0|0|(81.061008,7.171303)(0.001093,-0.000188)|2:0:(81.078129,7.164423)(-0.006672,0.013884)(-0.024886,0.020952)(-0.000000,0.000000)|1:0:(0.000000,40.000000)(-0.000000,0.000000)(-3.000000,0.000000)(90.000000,20.000000)|1:1:(29.995797,7.199359)(0.004020,0.006947)(0.008223,-0.020922)(90.000000,-37.828509)|2:1:(130.000000,45.000000)(0.000000,0.000000)(0.000000,0.000000)(-90.000000,-37.828509)
2,0,attaquant|1805|2000|0|0|0|(66.485623,11.365438)(-0.205266,0.261033)|2:0:(66.274420,10.913984)(-0.072213,0.997389)(0.344255,1.187810)(-1.080605,-1.682942)|1:0:(0.000000,40.000000)(-0.000000,0.000000)(-3.000000,0.000000)(90.000000,20.000000)|1:1:(44.689373,2.001155)(0.942670,0.333725)(22.944186,9.436975)(90.000000,0.000000)|2:1:(130.000000,45.000000)(-0.000000,-0.000000)(-0.000000,0.000000)(-90.000000,-33.895595)
2,0,attaquant|1910|2000|0|0|0|(2.476265,68.608204)(0.033646,0.043775)|2:0:(3.959416,64.730945)(-0.443143,0.896451)(-1.959940,4.729935)(-4.402559,-18.834494)|1:0:(7.095357,50.162400)(-0.059984,0.073819)(-0.155341,-0.088581)(90.000000,20.000000)|1:1:(2.786781,66.611232)(-0.332522,0.943096)(-0.676684,2.896293)(71.880697,-43.668137)|2:1:(130.000000,45.000000)(0.000000,0.000000)(0.000000,0.000000)(-90.000000,-23.564430)
2,0,passer|1964|2000|0|0|0|(22.516819,9.391285)(0.092321,-0.217664)|2:0:(14.175962,30.188651)(0.369503,-0.929230)(8.618039,-21.508931)(-13.806459,13.882119)|1:0:(0.000000,39.578806)(-0.000000,0.000000)(-3.000000,0.450921)(90.000000,20.000000)|1:1:(13.517058,30.540611)(0.390632,-0.920547)(9.298072,-21.852209)(61.873574,-9.461158)|2:1:(130.000000,45.000000)(0.000000,0.000000)(0.000000,0.000000)(-90.000000,-35.391050)
2,0,millieu|16|2000|0|0|0|(75.000000,45.000000)(0.000000,0.000000)|2:0:(127.589365,33.362973)(-0.546268,0.837611)(-8.135633,12.474637)(-90.000000,0.000000)|1:0:(9.590906,34.440916)(-0.398726,0.917070)(-4.989632,11.476155)(90.000000,0.000000)|1:1:(22.642192,55.791451)(0.563337,-0.826227)(7.921144,-11.617678)(90.000000,0.000000)|2:1:(131.993502,53.771408)(-0.221621,-0.975133)(-2.215123,-9.746541)(-90.000000,0.000000)
2,0,millieu|140|2000|0|0|0|(65.691893,75.836700)(0.452420,0.258255)|2:0:(62.410311,69.845912)(0.022531,0.999746)(2.851693,6.732280)(-62.387780,-23.846166)|1:0:(7.221118,50.414188)(-0.430892,-0.116995)(-0.652009,-0.531182)(90.000000,20.000000)|1:1:(36.626028,61.285520)(0.890857,0.454285)(29.504301,14.747210)(90.000000,0.000000)|2:1:(129.999854,44.999357)(0.000507,0.002232)(0.000653,0.002875)(-90.000000,-30.578445)
2,0,conserver|256|2000|0|0|0|(54.296756,41.746974)(-4.238049,1.995668)|2:0:(68.630434,36.018039)(-0.522733,0.099439)(-10.618362,3.832705)(-69.153167,9.081399)|1:0:(0.000000,38.794601)(-0.000000,0.000000)(-3.000000,1.284099)(90.000000,20.000000)|1:1:(46.904028,44.983871)(0.910110,-0.414366)(12.540888,-5.646931)(90.000000,0.000000)|2:1:(129.999999,44.999995)(0.000000,0.000000)(0.000001,0.000006)(-90.000000,-5.248694)
2,0,conserver|323|2000|0|0|0|(44.659575,34.385813)(1.187866,-0.948798)|2:0:(20.209035,52.241875)(0.691742,-0.722145)(23.954415,-17.629409)(-2.000000,0.000000)|1:0:(2.968287,43.579675)(-0.630191,-0.776440)(-6.598478,-4.356115)(90.000000,20.000000)|1:1:(13.752672,57.575420)(0.774146,-0.633007)(30.493183,-22.873815)(90.000000,0.000000)|2:1:(130.000000,45.000000)(0.000000,0.000000)(-0.000000,-0.000000)(-90.000000,-9.665389)
2,0,conserver|358|2000|0|0|0|(59.352623,22.649872)(0.109792,-0.087695)|2:0:(48.029569,31.041765)(0.805034,-0.593229)(12.018296,-8.897427)(-2.000000,0.000000)|1:0:(0.000000,40.043924)(-0.000000,-0.000000)(-3.000000,-0.047061)(90.000000,20.000000)|1:1:(41.540889,36.297182)(0.794405,-0.607388)(18.496347,-14.167002)(90.000000,0.000000)|2:1:(130.000000,45.000000)(0.000000,0.000000)(-0.000000,-0.000000)(-90.000000,-22.262433)
2,0,conserver|444|2000|0|0|0|(74.224914,3.115834)(0.222199,-0.117611)|2:0:(61.117858,9.422225)(0.903520,-0.428546)(13.788377,-6.617326)(-2.000000,0.000000)|1:0:(0.000000,40.000116)(-0.000000,-0.000000)(-3.000000,-0.000125)(90.000000,20.000000)|1:1:(62.270809,9.040950)(0.898106,-0.439779)(12.630012,-6.247284)(90.000000,0.000000)|2:1:(130.000000,45.000000)(0.000000,0.000000)(0.000000,0.000000)(-90.000000,-41.766555)
2,0,finition|540|2000|0|0|0|(103.531704,9.746076)(0.160519,0.003981)|2:0:(92.131841,9.589403)(0.999926,0.012186)(12.239270,0.164878)(-2.000000,0.000000)|1:0:(0.000000,40.000000)(-0.000000,-0.000000)(-3.000000,-0.000000)(90.000000,20.000000)|1:1:(28.310924,9.731904)(-0.187556,0.012325)(1.501520,0.022515)(90.000000,-35.257906)|2:1:(130.000000,45.000000)(-0.000000,-0.000000)(-0.000000,-0.000000)(-90.000000,-35.257906)
2,0,conserver|666|2000|0|0|0|(121.501691,14.296417)(0.070291,-0.009350)|2:0:(109.319855,16.021983)(0.990058,-0.140660)(13.101603,-1.856877)(-4.831736,1.286207)|1:0:(0.000000,40.000000)(-0.000000,-0.000000)(-3.000000,-0.000000)(90.000000,20.000000)|1:1:(30.239774,14.801987)(0.074894,0.252227)(-0.164880,-0.243994)(90.000000,-30.694234)|2:1:(130.000000,45.000000)(-0.000000,0.000000)(-0.000000,0.000000)(-90.000000,-30.694234)
2,0,finition|1034|2000|0|0|0|(35.960298,28.829566)(-0.226521,0.004447)|2:0:(36.391912,28.811130)(0.102848,-0.018269)(-0.102244,-0.004281)(-2.000000,0.000000)|1:0:(0.000000,40.000000)(-0.000000,-0.000000)(-3.000000,-0.000000)(90.000000,20.000000)|1:1:(35.375015,28.783010)(-0.999324,0.036756)(-0.187519,0.078864)(38.625661,-6.746255)|2:1:(130.000000,45.000000)(0.000000,0.000000)(0.000000,0.000000)(-90.000000,-16.174881)
2,0,conserver|1070|2000|0|0|0|(82.417975,29.208714)(0.280148,0.002286)|2:0:(68.388819,29.084840)(0.999960,0.008977)(14.748967,0.130564)(-4.865990,1.149844)|1:0:(0.000000,40.000000)(-0.000000,-0.000000)(-3.000000,-0.000000)(90.000000,20.000000)|1:1:(41.374568,29.178806)(-0.999999,0.001582)(-12.374567,0.029204)(90.000000,-15.793573)|2:1:(130.000000,45.000000)(0.000000,0.000000)(0.000000,0.000000)(-90.000000,-15.793573)
2,0,finition|1159|2000|0|0|0|(47.198773,32.012754)(2.951708,1.151839)|2:0:(33.925814,26.974302)(0.599643,0.181157)(10.920895,4.067771)(-2.000000,0.000000)|1:0:(0.000000,40.000000)(-0.000000,-0.000000)(-3.000000,-0.000000)(90.000000,20.000000)|1:1:(31.672418,26.888452)(0.004445,0.145010)(12.579093,4.117473)(90.000000,0.000000)|2:1:(130.000000,45.000000)(0.000000,0.000000)(0.000000,0.000000)(-90.000000,-14.139084)
2,0,conserver|1198|2000|0|0|0|(80.764679,45.111106)(0.173866,0.067847)|2:0:(69.987263,40.863988)(0.930217,0.367010)(11.533767,4.546282)(-4.989404,0.325345)|1:0:(5.166492,45.799048)(-0.153855,0.199431)(-0.320346,-0.556357)(90.000000,-0.043259)|1:1:(39.836899,42.136738)(-0.937656,0.347564)(-10.774556,3.254085)(90.000000,-0.043259)|2:1:(130.000000,45.000000)(-0.000000,-0.000000)(-0.000000,-0.000000)(-90.000000,-0.043259)
2,0,conserver|1290|2000|0|0|0|(106.850465,42.535488)(0.141956,0.007856)|2:0:(95.735221,41.724889)(0.997203,0.074736)(11.970491,0.877478)(-2.000000,0.000000)|1:0:(5.046263,42.557766)(0.175584,0.240906)(0.129321,0.210772)(90.000000,-2.472368)|1:1:(28.453401,42.819711)(-0.417295,0.119657)(1.129304,-0.172422)(90.000000,-2.472368)|2:1:(130.000000,45.000000)(-0.000000,0.000000)(-0.000000,0.000000)(-90.000000,-2.472368)
2,0,conserver|1407|2000|0|0|0|(104.768194,56.452844)(0.179192,0.045695)|2:0:(90.154136,53.019334)(0.973974,0.226661)(15.408839,3.614476)(-2.000000,0.000000)|1:0:(6.838415,49.921782)(-0.213404,0.198635)(-0.051820,0.276852)(90.000000,20.000000)|1:1:(32.055483,55.203865)(-0.915708,0.401844)(-2.971191,1.605128)(90.000000,-11.407149)|2:1:(130.000000,45.000000)(0.000000,-0.000000)(-0.000000,-0.000000)(-90.000000,-11.407149)
2,0,dribbler|1466|2000|0|0|0|(63.438085,57.512514)(-0.869197,0.019842)|2:0:(72.811766,57.302853)(-0.999787,0.020626)(-9.504271,0.210445)(-2.000000,0.000000)|1:0:(6.993378,49.995219)(-0.005983,0.010391)(0.000640,0.015172)(90.000000,20.000000)|1:1:(36.704575,56.907561)(0.999906,-0.013707)(28.602613,0.571404)(90.000000,0.000000)|2:1:(130.000000,45.000000)(0.000000,0.000000)(0.000000,0.000000)(-90.000000,-12.492672)
2,0,finition|1503|2000|0|0|0|(41.326942,41.076307)(-0.367987,-0.464043)|2:0:(44.178301,44.932872)(-0.531172,-0.847264)(-3.014544,-4.239786)(-2.000000,0.000000)|1:0:(4.121792,41.827373)(0.150422,-0.988622)(1.028631,-1.275645)(90.000000,-3.459650)|1:1:(48.989037,49.170889)(-0.699066,-0.715058)(-7.993174,-8.345597)(90.000000,0.000000)|2:1:(130.000000,45.000000)(0.000000,-0.000000)(-0.000000,-0.000000)(-90.000000,-3.459650)
2,0,conserver|1606|2000|0|0|0|(77.949551,67.747958)(0.062214,0.153771)|2:0:(75.405962,61.751733)(0.395099,0.918639)(2.876474,6.761093)(-4.892205,-1.032634)|1:0:(7.010047,49.615582)(0.065745,-0.398704)(0.055698,-0.014287)(90.000000,20.000000)|1:1:(52.582439,55.313772)(-0.877898,0.478847)(-23.460338,12.759261)(90.000000,-22.594187)|2:1:(130.000000,45.000000)(-0.000000,-0.000000)(-0.000000,-0.000000)(-90.000000,-22.594187)
2,0,conserver|1684|2000|0|0|0|(89.649939,75.844707)(0.264748,0.027851)|2:0:(84.308858,75.256044)(0.993623,0.112750)(6.069957,0.673562)(-2.000000,0.000000)|1:0:(6.998727,50.001589)(0.001511,-0.006394)(0.002783,-0.007983)(90.000000,20.000000)|1:1:(42.833271,74.237547)(-0.993302,0.115549)(-13.826573,1.694860)(90.000000,-30.816857)|2:1:(130.000000,45.000000)(-0.000000,-0.000000)(-0.000000,-0.000000)(-90.000000,-30.816857)
2,0,dribbler|1717|2000|0|0|0|(67.723242,75.893343)(-0.425157,-0.002683)|2:0:(73.017847,75.909786)(-0.999992,-0.004069)(-5.869440,-0.017830)(-2.000000,0.000000)|1:0:(6.999791,50.000965)(-0.000489,0.001411)(-0.000280,0.000446)(90.000000,20.000000)|1:1:(41.280405,75.124496)(0.999990,-0.004504)(27.867983,0.767026)(90.000000,0.000000)|2:1:(130.000000,45.000000)(0.000000,0.000000)(0.000000,0.000000)(-90.000000,-30.896026)
2,0,finition|1753|2000|0|0|0|(50.928665,55.409556)(-0.192927,-0.286534)|2:0:(51.624117,56.338502)(-0.577000,-0.816744)(-1.079525,-1.459156)(-1.080605,-1.682942)|1:0:(6.999930,50.000202)(-0.000038,0.000052)(0.000032,-0.000150)(90.000000,20.000000)|1:1:(54.288005,57.869784)(-0.730648,-0.682754)(-3.897062,-2.856449)(90.000000,0.000000)|2:1:(130.000000,45.000000)(0.000000,0.000000)(0.000000,0.000000)(-90.000000,-10.696090)
2,0,conserver|1785|2000|0|0|0|(64.925247,32.064631)(0.225620,-0.326689)|2:0:(62.054740,36.409735)(0.535367,-0.844619)(3.180254,-4.863035)(-4.960834,0.624598)|1:0:(0.000000,39.629076)(-0.000000,0.000000)(-3.000000,0.397174)(90.000000,20.000000)|1:1:(62.399635,35.691396)(0.610979,-0.791647)(2.910970,-4.091723)(90.000000,0.000000)|2:1:(130.000000,45.000000)(0.000000,-0.000000)(-0.000000,-0.000000)(-90.000000,-12.608681)
2,0,conserver|1827|2000|0|0|0|(112.243351,17.370120)(0.316747,-0.087712)|2:0:(98.183692,20.704852)(0.974940,-0.222467)(14.717852,-3.469487)(-2.000000,0.000000)|1:0:(0.000000,39.979457)(-0.000000,0.000000)(-3.000000,0.022010)(90.000000,20.000000)|1:1:(42.443622,21.466845)(-0.963305,-0.268409)(-13.406927,-4.277422)(90.000000,-27.542168)|2:1:(130.000000,45.000000)(0.000000,-0.000000)(-0.000000,-0.000000)(-90.000000,-27.542168)
2,0,dribbler|1896|2000|0|0|0|(69.597465,14.578414)(-0.752924,-0.016690)|2:0:(75.830142,14.753742)(-0.999696,-0.024645)(-6.479448,-0.183284)(-2.000000,0.000000)|1:0:(0.000000,39.999824)(-0.000000,0.000000)(-3.000000,0.000188)(90.000000,20.000000)|1:1:(32.413696,14.042611)(0.789607,-0.084597)(38.726301,0.467897)(90.000000,0.000000)|2:1:(130.000000,45.000000)(-0.000000,0.000000)(-0.000000,0.000000)(-90.000000,-30.404896)
2,0,conserver|1941|2000|0|0|0|(52.742331,8.449973)(-0.120442,0.296387)|2:0:(50.790010,6.296155)(-0.139924,0.943557)(1.932839,2.800987)(-2.000000,0.000000)|1:0:(0.000000,39.999992)(-0.000000,0.000000)(-3.000000,0.000008)(90.000000,20.000000)|1:1:(51.549135,4.248195)(-0.517267,0.819312)(0.796371,4.724702)(90.000000,0.000000)|2:1:(130.000000,45.000000)(0.000000,-0.000000)(-0.000000,-0.000000)(-90.000000,-36.846415)
2,0,defenseur|105|2000|0|0|0|(75.000000,45.000000)(0.000000,0.000000)|2:0:(119.982595,45.026688)(-0.011821,0.018125)(0.005584,-0.008563)(-90.000000,0.000000)|1:0:(4.994106,45.013557)(-0.008292,0.019072)(-0.002398,0.005515)(90.000000,0.000000)|1:1:(29.988508,45.016855)(0.008839,-0.012964)(0.020331,-0.029819)(90.000000,0.000000)|2:1:(129.999151,44.996265)(0.003259,0.014341)(0.004108,0.018076)(-90.000000,0.000000)
2,0,millieu|164|2000|0|0|0|(75.000000,45.000000)(0.000000,0.000000)|2:0:(119.999303,45.001068)(0.000001,-0.000002)(0.000698,-0.001070)(-90.000000,0.000000)|1:0:(4.999633,45.000844)(-0.000213,0.000491)(0.000154,-0.000353)(90.000000,0.000000)|1:1:(30.000048,44.999930)(0.000830,-0.001217)(0.000782,-0.001147)(90.000000,0.000000)|2:1:(130.000083,45.000366)(0.000191,0.000841)(0.000108,0.000476)(-90.000000,0.000000)
2,0,passer|204|2000|0|0|0|(75.000000,45.000000)(0.000000,0.000000)|2:0:(83.437007,44.998261)(-1.000000,0.000202)(-9.437007,0.001941)(-84.437007,0.001941)|1:0:(4.999976,45.000055)(-0.000047,0.000108)(-0.000023,0.000053)(90.000000,0.000000)|1:1:(29.999920,45.000118)(0.000024,-0.000034)(0.000104,-0.000152)(90.000000,0.000000)|2:1:(129.999991,44.999958)(0.000014,0.000061)(0.000023,0.000102)(-90.000000,0.000000)
2,0,passer|246|2000|0|0|0|(75.000000,45.000000)(0.000000,0.000000)|2:0:(74.736100,45.000061)(-0.201815,0.000047)(0.062085,-0.000014)(-0.000000,0.000000)|1:0:(4.999995,45.000011)(-0.000001,0.000003)(0.000003,-0.000008)(90.000000,0.000000)|1:1:(30.000004,44.999994)(0.000012,-0.000018)(0.000008,-0.000012)(90.000000,0.000000)|2:1:(130.000002,45.000008)(0.000002,0.000011)(0.000001,0.000003)(-90.000000,0.000000)
2,0,passer|254|2000|0|0|0|(75.000000,45.000000)(0.000000,0.000000)|2:0:(75.009685,44.999998)(0.173565,-0.000040)(0.163880,-0.000038)(-0.000000,0.000000)|1:0:(5.000003,44.999994)(0.000003,-0.000007)(0.000000,-0.000001)(90.000000,0.000000)|1:1:(30.000003,44.999995)(-0.000005,0.000007)(-0.000008,0.000012)(90.000000,0.000000)|2:1:(130.000000,45.000000)(-0.000001,-0.000006)(-0.000001,-0.000007)(-90.000000,0.000000)
2,0,passer|260|2000|0|0|0|(75.000000,45.000000)(0.000000,0.000000)|2:0:(75.030198,44.999993)(0.135042,-0.000031)(0.104844,-0.000025)(-0.000000,0.000000)|1:0:(5.000002,44.999995)(0.000002,-0.000004)(-0.000000,0.000000)(90.000000,0.000000)|1:1:(30.000001,44.999998)(-0.000004,0.000006)(-0.000006,0.000008)(90.000000,0.000000)|2:1:(130.000000,44.999999)(-0.000001,-0.000005)(-0.000001,-0.000004)(-90.000000,0.000000)
2,0,passer|268|2000|0|0|0|(75.000000,45.000000)(0.000000,0.000000)|2:0:(75.047917,44.999989)(-0.043523,0.000010)(-0.091440,0.000021)(-0.000000,0.000000)|1:0:(4.999999,45.000001)(-0.000002,0.000004)(-0.000001,0.000002)(90.000000,0.000000)|1:1:(29.999997,45.000005)(-0.000000,0.000000)(0.000003,-0.000005)(90.000000,0.000000)|2:1:(130.000000,44.999998)(0.000000,0.000001)(0.000001,0.000003)(-90.000000,0.000000)
2,0,passer|274|2000|0|0|0|(75.000000,45.000000)(0.000000,0.000000)|2:0:(75.025092,44.999994)(-0.041570,0.000010)(-0.066663,0.000015)(-0.000000,0.000000)|1:0:(4.999999,45.000001)(-0.000001,0.000003)(-0.000001,0.000001)(90.000000,0.000000)|1:1:(29.999998,45.000003)(0.000000,-0.000001)(0.000003,-0.000004)(90.000000,0.000000)|2:1:(130.000000,44.999999)(0.000000,0.000001)(0.000001,0.000003)(-90.000000,0.000000)
2,0,passer|300|2000|0|0|0|(75.000000,45.000000)(0.000000,0.000000)|2:0:(74.989733,45.000002)(0.006420,-0.000001)(0.016687,-0.000004)(-0.000000,0.000000)|1:0:(5.000000,45.000000)(0.000000,-0.000001)(0.000000,-0.000001)(90.000000,0.000000)|1:1:(30.000001,44.999999)(0.000000,-0.000000)(-0.000001,0.000001)(90.000000,0.000000)|2:1:(130.000000,45.000000)(-0.000000,-0.000000)(-0.000000,-0.000001)(-90.000000,0.000000)
2,0,passer|306|2000|0|0|0|(75.000000,45.000000)(0.000000,0.000000)|2:0:(74.994223,45.000001)(0.006622,-0.000002)(0.012398,-0.000003)(-0.000000,0.000000)|1:0:(5.000000,45.000000)(0.000000,-0.000001)(0.000000,-0.000000)(90.000000,0.000000)|1:1:(30.000000,44.999999)(-0.000000,0.000000)(-0.000000,0.000001)(90.000000,0.000000)|2:1:(130.000000,45.000000)(-0.000000,-0.000000)(-0.000000,-0.000000)(-90.000000,0.000000)
2,0,passer|312|2000|0|0|0|(75.000000,45.000000)(0.000000,0.000000)|2:0:(74.997164,45.000001)(0.006093,-0.000001)(0.008928,-0.000002)(-0.000000,0.000000)|1:0:(5.000000,45.000000)(0.000000,-0.000000)(0.000000,-0.000000)(90.000000,0.000000)|1:1:(30.000000,45.000000)(-0.000000,0.000000)(-0.000000,0.000001)(90.000000,0.000000)|2:1:(130.000000,45.000000)(-0.000000,-0.000000)(-0.000000,-0.000000)(-90.000000,0.000000)
2,0,conserver|331|2000|0|0|0|(75.000000,45.000000)(0.000000,0.000000)|2:0:(75.003009,44.999999)(0.002375,-0.000001)(-0.000634,0.000000)(-0.000000,0.000000)|1:0:(5.000000,45.000000)(-0.000000,0.000000)(-0.000000,0.000000)(90.000000,0.000000)|1:1:(30.000000,45.000000)(-0.000000,0.000000)(-0.000000,0.000000)(90.000000,0.000000)|2:1:(130.000000,45.000000)(-0.000000,-0.000000)(0.000000,0.000000)(-90.000000,0.000000)
2,0,passer|372|2000|0|0|0|(37.825800,41.895141)(-1.308284,-0.319306)|2:0:(47.997166,44.031822)(-0.700693,-0.194546)(-9.563775,-2.011922)(-2.000000,0.000000)|1:0:(5.000000,41.476316)(0.000000,-0.656066)(0.000000,0.082065)(90.000000,-2.785554)|1:1:(46.165725,44.186040)(-0.989793,-0.142510)(-8.021435,-2.114103)(90.000000,0.000000)|2:1:(130.000000,45.000000)(-0.000000,-0.000000)(0.000000,0.000000)(-90.000000,-2.785554)
2,0,passer|387|2000|0|0|0|(26.314327,39.085599)(-0.451342,-0.110157)|2:0:(33.550997,40.716289)(-0.976404,-0.215951)(-7.761732,-1.736484)(-0.000000,0.000000)|1:0:(1.458097,38.861109)(-0.926984,-0.007084)(-5.385081,1.131808)(90.000000,20.000000)|1:1:(31.615578,40.576407)(-0.962228,-0.272243)(-5.812137,-1.652894)(42.422193,-18.848650)|2:1:(130.000000,45.000000)(0.000000,0.000000)(-0.000000,-0.000000)(-90.000000,-5.804244)
2,0,passer|394|2000|0|0|0|(23.869262,38.488846)(-0.284415,-0.069416)|2:0:(26.722439,39.176651)(-0.974591,-0.223991)(-3.543353,-0.842380)(-0.000000,0.000000)|1:0:(0.000000,39.276035)(-0.000000,0.000000)(-3.000000,0.773925)(90.000000,20.000000)|1:1:(24.868976,38.710364)(-0.966271,-0.257526)(-1.681570,-0.409629)(49.164753,-16.967890)|2:1:(130.000000,45.000000)(-0.000000,-0.000000)(-0.000000,-0.000000)(-90.000000,-6.441739)
2,0,conserver|415|2000|0|0|0|(68.579847,12.219050)(0.979853,-0.566412)|2:0:(32.251517,29.263209)(0.886304,-0.463103)(36.234782,-16.940851)(-0.000000,0.000000)|1:0:(0.000000,39.827401)(-0.000000,0.000000)(-3.000000,0.184903)(90.000000,20.000000)|1:1:(32.619352,29.964328)(0.888359,-0.459149)(35.869002,-17.638016)(90.000000,0.000000)|2:1:(130.000000,45.000000)(0.000000,0.000000)(0.000000,0.000000)(-90.000000,-32.214539)
2,0,passer|432|2000|0|0|0|(77.925412,6.816769)(0.302433,-0.174824)|2:0:(47.516125,21.781215)(0.898802,-0.438355)(31.005657,-15.227978)(-2.000000,0.000000)|1:0:(0.000000,39.946541)(-0.000000,0.000000)(-3.000000,0.057277)(90.000000,20.000000)|1:1:(42.919864,19.744724)(-0.231402,-0.972858)(-13.151266,-13.725990)(90.000000,-38.008407)|2:1:(130.000000,45.000000)(0.000000,0.000000)(0.000000,0.000000)(-90.000000,-38.008407)
2,0,passer|463|2000|0|0|0|(81.859868,4.542424)(0.042187,-0.024387)|2:0:(75.249224,7.930111)(0.891251,-0.453511)(7.459708,-3.816812)(-0.000000,0.000000)|1:0:(0.000000,39.993702)(-0.000000,0.000000)(-3.000000,0.006748)(90.000000,20.000000)|1:1:(30.619679,5.197746)(0.011265,0.012762)(-0.608414,-0.618173)(90.000000,-40.433189)|2:1:(130.000000,45.000000)(0.000000,0.000000)(-0.000000,-0.000000)(-90.000000,-40.433189)
2,0,conserver|488|2000|0|0|0|(82.378239,4.242775)(0.008921,-0.005157)|2:0:(83.085628,3.847702)(0.046816,-0.028881)(-0.669494,0.371349)(-0.000000,0.000000)|1:0:(0.000000,39.998878)(-0.000000,0.000000)(-3.000000,0.001203)(90.000000,20.000000)|1:1:(29.932819,4.157311)(-0.105656,-0.157337)(-0.038475,-0.066716)(90.000000,-40.752068)|2:1:(130.000000,45.000000)(-0.000000,-0.000000)(-0.000000,-0.000000)(-90.000000,-40.752068)
2,0,passer|509|2000|0|0|0|(61.103023,3.897069)(-0.495892,-0.007942)|2:0:(64.971392,4.079525)(-0.997932,-0.064273)(-4.370410,-0.238787)(-2.000000,0.000000)|1:0:(0.000000,39.999736)(-0.000000,0.000000)(-3.000000,0.000282)(90.000000,20.000000)|1:1:(42.197975,3.360090)(0.999960,0.008922)(20.400900,0.553842)(90.000000,0.000000)|2:1:(130.000000,45.000000)(0.000000,0.000000)(-0.000000,-0.000000)(-90.000000,-41.094990)
2,0,passer|611|2000|0|0|0|(121.273766,16.998365)(0.034997,0.006950)|2:0:(122.121051,17.169119)(0.857471,0.171740)(-0.024811,-0.005964)(-0.000000,0.000000)|1:0:(0.000000,40.000000)(-0.000000,0.000000)(-3.000000,0.000000)(90.000000,20.000000)|1:1:(30.035616,17.028961)(0.054504,-0.294231)(0.018888,-0.331777)(90.000000,-28.008585)|2:1:(130.000000,45.000000)(-0.000000,-0.000000)(-0.000000,-0.000000)(-90.000000,-28.008585)
2,0,conserver|844|2000|0|0|0|(121.820268,17.106891)(0.000000,0.000000)|2:0:(121.820274,17.106892)(0.000009,0.000002)(0.000004,0.000001)(-0.000000,0.000000)|1:0:(0.000000,40.000000)(-0.000000,0.000000)(-3.000000,0.000000)(90.000000,20.000000)|1:1:(30.000000,17.106892)(0.000000,0.000001)(0.000000,-0.000000)(90.000000,-27.893109)|2:1:(130.000000,45.000000)(-0.000000,-0.000000)(-0.000000,-0.000000)(-90.000000,-27.893109)
2,0,passer|873|2000|0|0|0|(97.641528,17.134638)(-0.291363,0.000334)|2:0:(97.254326,17.135083)(-0.999999,0.001147)(-0.321435,0.000369)(-2.000000,0.000000)|1:0:(0.000000,40.000000)(-0.000000,0.000000)(-3.000000,0.000000)(90.000000,20.000000)|1:1:(30.000000,17.135223)(0.000000,0.000473)(0.000000,-0.000446)(90.000000,-27.865696)|2:1:(130.000000,45.000000)(0.000000,-0.000000)(-0.000000,-0.000000)(-90.000000,-27.865696)
2,0,conserver|925|2000|0|0|0|(93.368603,17.139542)(-0.011118,0.000013)|2:0:(93.319381,17.139598)(-0.001336,0.000002)(0.059005,-0.000068)(-0.000000,0.000000)|1:0:(0.000000,40.000000)(-0.000000,0.000000)(-3.000000,0.000000)(90.000000,20.000000)|1:1:(30.000000,17.139580)(-0.000000,0.000043)(0.000000,-0.000008)(90.000000,-27.860471)|2:1:(130.000000,45.000000)(0.000000,0.000000)(0.000000,0.000000)(-90.000000,-27.860471)
2,0,passer|957|2000|0|0|0|(69.517048,24.828157)(-0.229132,0.073894)|2:0:(68.662001,25.108662)(-0.247156,0.081252)(0.837023,-0.273147)(-2.000000,0.000000)|1:0:(0.000000,40.000000)(-0.000000,0.000000)(-3.000000,0.000000)(90.000000,20.000000)|1:1:(41.521305,26.166928)(0.999916,0.012986)(29.224791,-1.399679)(90.000000,0.000000)|2:1:(130.000000,45.000000)(0.000000,-0.000000)(-0.000000,-0.000000)(-90.000000,-20.245737)
2,0,conserver|975|2000|0|0|0|(67.141960,25.594107)(-0.073129,0.023584)|2:0:(67.008517,25.640133)(0.056815,-0.019760)(0.263387,-0.089369)(-0.000000,0.000000)|1:0:(0.000000,40.000000)(-0.000000,0.000000)(-3.000000,0.000000)(90.000000,20.000000)|1:1:(59.514037,25.689054)(0.999651,-0.026405)(8.700703,-0.144935)(90.000000,0.000000)|2:1:(130.000000,45.000000)(0.000000,-0.000000)(-0.000000,-0.000000)(-90.000000,-19.429477)
2,0,conserver|1100|2000|0|0|0|(78.672544,1.717180)(0.048230,-0.019082)|2:0:(71.796678,4.268514)(0.937996,-0.346647)(7.765631,-2.878899)(-2.000000,0.000000)|1:0:(0.000000,40.000000)(-0.000000,0.000000)(-3.000000,0.000000)(90.000000,20.000000)|1:1:(28.078626,1.409870)(0.018937,0.042472)(1.940311,0.368864)(90.000000,-43.263738)|2:1:(130.000000,45.000000)(0.000000,0.000000)(0.000000,0.000000)(-90.000000,-43.263738)
2,0,passer|1131|2000|0|0|0|(56.528529,4.630673)(-0.403027,0.054423)|2:0:(63.907755,3.426886)(-0.985607,0.169055)(-7.961806,1.318418)(-2.000000,0.000000)|1:0:(0.000000,40.000000)(-0.000000,0.000000)(-3.000000,0.000000)(90.000000,20.000000)|1:1:(45.229707,3.493582)(0.997434,0.071589)(12.699283,1.154257)(90.000000,0.000000)|2:1:(130.000000,45.000000)(0.000000,-0.000000)(-0.000000,-0.000000)(-90.000000,-40.423750)
2,0,conserver|1155|2000|0|0|0|(51.782746,5.271520)(-0.086451,0.011674)|2:0:(51.417713,5.303189)(-0.671375,0.048723)(-0.219892,0.005380)(-0.000000,0.000000)|1:0:(0.000000,40.000000)(-0.000000,0.000000)(-3.000000,0.000000)(90.000000,20.000000)|1:1:(50.582110,4.440757)(0.062285,0.040496)(1.349372,0.859585)(90.000000,0.000000)|2:1:(130.000000,45.000000)(0.000000,-0.000000)(-0.000000,-0.000000)(-90.000000,-39.740154)
2,0,conserver|1214|2000|0|0|0|(118.052189,5.179910)(0.079403,0.012523)|2:0:(104.525335,4.346371)(0.998402,0.056510)(14.445853,0.877527)(-2.000000,0.000000)|1:0:(0.000000,40.000000)(-0.000000,0.000000)(-3.000000,0.000000)(90.000000,20.000000)|1:1:(30.356441,4.585643)(0.112147,-0.275239)(-0.244294,0.306505)(90.000000,-39.832613)|2:1:(130.000000,45.000000)(0.000000,0.000000)(0.000000,0.000000)(-90.000000,-39.832613)
2,0,passer|1296|2000|0|0|0|(66.460751,5.675118)(-0.274872,-0.006656)|2:0:(67.143560,5.695015)(-0.999739,-0.022835)(-1.407677,-0.036076)(-2.000000,0.000000)|1:0:(0.000000,40.000000)(-0.000000,0.000000)(-3.000000,0.000000)(90.000000,20.000000)|1:1:(44.545161,5.953609)(0.999966,-0.008272)(23.190427,-0.280107)(90.000000,0.000000)|2:1:(130.000000,45.000000)(-0.000000,0.000000)(-0.000000,0.000000)(-90.000000,-39.318226)
2,0,passer|1321|2000|0|0|0|(63.137844,5.594657)(-0.056357,-0.001365)|2:0:(62.914294,5.584883)(0.069421,0.003171)(0.349327,0.014310)(-0.000000,0.000000)|1:0:(0.000000,40.000000)(-0.000000,0.000000)(-3.000000,0.000000)(90.000000,20.000000)|1:1:(65.099650,5.475720)(-0.290796,0.005108)(-2.196246,0.125409)(90.000000,0.000000)|2:1:(130.000000,45.000000)(0.000000,0.000000)(0.000000,0.000000)(-90.000000,-39.403978)
2,0,conserver|1395|2000|0|0|0|(129.741068,1.869347)(0.058411,0.006498)|2:0:(122.119543,1.850155)(0.999988,-0.004939)(8.563102,0.007755)(-0.000000,0.000000)|1:0:(0.000000,40.000000)(-0.000000,0.000000)(-3.000000,0.000000)(90.000000,20.000000)|1:1:(30.204285,1.811284)(0.388170,-0.202449)(0.183885,-0.150884)(90.000000,-43.137151)|2:1:(130.000000,45.000000)(0.000000,-0.000000)(-0.000000,-0.000000)(-90.000000,-43.137151)
2,0,conserver|1445|2000|0|0|0|(106.575019,4.743467)(-0.310385,0.036391)|2:0:(110.646288,4.322391)(-0.995828,0.091249)(-4.756712,0.475935)(-2.000000,0.000000)|1:0:(0.000000,40.000000)(-0.000000,0.000000)(-3.000000,0.000000)(90.000000,20.000000)|1:1:(30.020829,4.766097)(0.001272,0.096416)(-0.019557,0.037396)(90.000000,-40.292923)|2:1:(129.981079,46.978373)(-0.004742,0.429974)(0.014179,-1.548399)(-90.000000,-40.292923)
2,0,passer|1492|2000|0|0|0|(56.353142,5.236572)(-0.617405,0.011540)|2:0:(64.231842,5.061437)(-0.999732,0.023134)(-8.261027,0.186729)(-2.000000,0.000000)|1:0:(0.000000,40.000000)(-0.000000,0.000000)(-3.000000,0.000000)(90.000000,20.000000)|1:1:(43.542269,5.391840)(0.999996,-0.002962)(14.428274,-0.169770)(90.000000,0.000000)|2:1:(130.000410,44.965371)(0.001892,-0.138198)(0.001482,-0.103568)(-90.000000,-39.774968)
2,0,passer|1520|2000|0|0|0|(60.211893,6.061029)(5.270223,0.321169)|2:0:(48.266147,5.393688)(-0.129767,0.013411)(6.545756,0.359583)(-0.000000,0.000000)|1:0:(0.000000,40.000000)(-0.000000,0.000000)(-3.000000,0.000000)(90.000000,20.000000)|1:1:(49.750363,5.376329)(0.708115,0.002355)(5.899422,0.365886)(90.000000,0.000000)|2:1:(129.999630,45.026143)(0.000012,-0.002102)(0.000382,-0.028246)(-90.000000,-39.260140)
2,0,conserver|1576|2000|0|0|0|(115.836851,9.450836)(0.085435,0.005206)|2:0:(101.174574,8.588571)(0.998282,0.058600)(15.575123,0.915659)(-0.000000,0.000000)|1:0:(0.000000,40.000000)(-0.000000,0.000000)(-3.000000,0.000000)(90.000000,20.000000)|1:1:(30.111038,9.429371)(0.389935,-0.193910)(0.278897,-0.177652)(90.000000,-35.554370)|2:1:(130.000010,44.999351)(-0.000014,0.001047)(-0.000024,0.001696)(-90.000000,-35.554370)
2,0,passer|13|2000|0|0|0|(75.000000,45.000000)(0.000000,0.000000)|2:0:(129.228168,30.850142)(-0.546268,0.837611)(-9.774436,14.987469)(-90.000000,0.000000)|1:0:(10.787085,31.689705)(-0.398726,0.917070)(-6.185811,14.227365)(90.000000,0.000000)|1:1:(20.952182,58.270133)(0.563337,-0.826227)(9.611155,-14.096360)(90.000000,0.000000)|2:1:(132.658365,56.696807)(-0.221621,-0.975133)(-2.879986,-12.671940)(-90.000000,0.000000)
2,0,passer|90|2000|0|0|0|(58.285956,47.655169)(-0.790786,0.125623)|2:0:(68.335194,46.039732)(-0.987505,0.157589)(-10.245956,1.647403)(-2.000000,0.000000)|1:0:(4.963591,47.886596)(-0.024883,0.213097)(0.011526,-0.143954)(90.000000,-2.529546)|1:1:(39.759418,45.070807)(0.997331,0.073010)(20.314656,2.531748)(90.000000,0.000000)|2:1:(130.005424,45.023867)(-0.003890,-0.017116)(-0.009314,-0.040983)(-90.000000,-2.529546)
2,0,passer|179|2000|0|1|0|(75.000000,45.000000)(0.000000,0.000000)|2:0:(113.929143,30.077162)(-0.933746,0.357936)(-39.862889,15.280774)(-2.000000,0.000000)|1:0:(6.002371,42.694546)(-0.398726,0.917070)(-1.401097,3.222524)(90.000000,0.000000)|1:1:(27.712224,48.355405)(0.563337,-0.826227)(2.851113,-4.181632)(90.000000,0.000000)|2:1:(129.998912,44.995212)(-0.221621,-0.975133)(-0.220533,-0.970345)(-90.000000,0.000000)
2,0,passer|33|2000|0|0|0|(75.000000,45.000000)(0.000000,0.000000)|2:0:(119.084324,46.404036)(-0.143357,0.219813)(0.772319,-1.184222)(-90.000000,0.000000)|1:0:(4.384831,46.414888)(0.091121,-0.209578)(0.706290,-1.624466)(90.000000,0.000000)|1:1:(31.195492,43.246612)(0.089375,-0.131084)(-1.106116,1.622304)(90.000000,0.000000)|2:1:(129.890652,44.518871)(0.136361,0.599987)(0.245708,1.081116)(-90.000000,0.000000)
2,0,passer|89|2000|0|0|0|(75.000000,45.000000)(0.000000,0.000000)|2:0:(119.994366,45.008639)(0.035037,-0.053723)(0.040671,-0.062362)(-90.000000,0.000000)|1:0:(4.987370,45.029048)(0.007037,-0.016185)(0.019667,-0.045233)(90.000000,0.000000)|1:1:(30.037887,44.944433)(0.041870,-0.061410)(0.003984,-0.005843)(90.000000,0.000000)|2:1:(130.009314,45.040983)(0.006027,0.026519)(-0.003287,-0.014464)(-90.000000,0.000000)
2,0,passer|68|2000|0|0|0|(75.000000,45.000000)(0.000000,0.000000)|2:0:(120.083984,44.871225)(-0.042969,0.065886)(-0.126953,0.194661)(-90.000000,0.000000)|1:0:(5.056309,44.870490)(0.015734,-0.036188)(-0.040574,0.093321)(90.000000,0.000000)|1:1:(29.931864,45.099934)(-0.143126,0.209919)(-0.074990,0.109985)(90.000000,0.000000)|2:1:(129.979617,44.910313)(-0.028689,-0.126230)(-0.008305,-0.036543)(-90.000000,0.000000)
2,0,passer|44|2000|0|0|0|(75.000000,45.000000)(0.000000,0.000000)|2:0:(120.123150,44.811170)(-0.249904,0.383187)(-0.373054,0.572016)(-90.000000,0.000000)|1:0:(4.774743,45.518091)(-0.037551,0.086366)(0.187706,-0.431725)(90.000000,0.000000)|1:1:(29.595696,45.592978)(0.218262,-0.320117)(0.622565,-0.913096)(90.000000,0.000000)|2:1:(129.949248,44.776693)(0.062614,0.275501)(0.113365,0.498808)(-90.000000,0.000000)
2,0,passer|619|2000|0|0|0|(75.000000,45.000000)(0.000000,0.000000)|2:0:(75.000000,45.000000)(0.000000,0.000000)(0.000000,0.000000)(-0.000000,0.000000)|1:0:(5.000000,45.000000)(-0.000000,0.000000)(0.000000,-0.000000)(90.000000,0.000000)|1:1:(30.000000,45.000000)(0.000000,-0.000000)(0.000000,-0.000000)(90.000000,0.000000)|2:1:(130.000000,45.000000)(0.000000,0.000000)(0.000000,0.000000)(-90.000000,0.000000)
2,0,passer|633|2000|0|0|0|(75.000000,45.000000)(0.000000,0.000000)|2:0:(75.000000,45.000000)(0.000000,0.000000)(-0.000000,-0.000000)(-0.000000,0.000000)|1:0:(5.000000,45.000000)(0.000000,-0.000000)(0.000000,-0.000000)(90.000000,0.000000)|1:1:(30.000000,45.000000)(-0.000000,0.000000)(-0.000000,0.000000)(90.000000,0.000000)|2:1:(130.000000,45.000000)(0.000000,-0.000000)(-0.000000,-0.000000)(-90.000000,0.000000)
2,0,passer|640|2000|0|0|0|(75.000000,45.000000)(0.000000,0.000000)|2:0:(75.000000,45.000000)(-0.000000,-0.000000)(-0.000000,-0.000000)(-0.000000,0.000000)|1:0:(5.000000,45.000000)(0.000000,-0.000000)(-0.000000,0.000000)(90.000000,0.000000)|1:1:(30.000000,45.000000)(-0.000000,0.000000)(-0.000000,0.000000)(90.000000,0.000000)|2:1:(130.000000,45.000000)(-0.000000,-0.000000)(-0.000000,-0.000000)(-90.000000,0.000000)
2,0,passer|644|2000|0|0|0|(75.000000,45.000000)(0.000000,0.000000)|2:0:(75.000000,45.000000)(0.000000,0.000000)(-0.000000,0.000000)(-0.000000,0.000000)|1:0:(5.000000,45.000000)(0.000000,-0.000000)(0.000000,-0.000000)(90.000000,0.000000)|1:1:(30.000000,45.000000)(0.000000,-0.000000)(-0.000000,0.000000)(90.000000,0.000000)|2:1:(130.000000,45.000000)(0.000000,0.000000)(0.000000,0.000000)(-90.000000,0.000000)
2,0,conserver|665|2000|0|0|0|(75.000000,45.000000)(0.000000,0.000000)|2:0:(75.000000,45.000000)(-0.000000,-0.000000)(0.000000,0.000000)(-0.000000,0.000000)|1:0:(5.000000,45.000000)(-0.000000,0.000000)(0.000000,0.000000)(90.000000,0.000000)|1:1:(30.000000,45.000000)(-0.000000,0.000000)(0.000000,-0.000000)(90.000000,0.000000)|2:1:(130.000000,45.000000)(-0.000000,-0.000000)(-0.000000,0.000000)(-90.000000,0.000000)
2,0,passer|680|2000|0|0|0|(57.758672,48.872535)(-0.728146,0.163547)|2:0:(64.690902,47.315502)(-0.975692,0.219148)(-7.179776,1.612633)(-2.000000,0.000000)|1:0:(5.000000,49.098526)(-0.000000,0.456805)(0.000000,0.067266)(90.000000,-3.708987)|1:1:(40.542744,45.628217)(0.994106,0.108414)(18.938180,3.189184)(90.000000,0.000000)|2:1:(130.000000,45.000000)(0.000000,0.000000)(0.000000,0.000000)(-90.000000,-3.708987)
2,0,passer|750|2000|0|0|0|(118.251247,43.258888)(0.090649,-0.009501)|2:0:(99.229298,45.445400)(0.993413,-0.114591)(19.924712,-2.291602)(-2.000000,0.000000)|1:0:(4.966254,43.325984)(-0.090179,0.093496)(-0.056433,0.035900)(90.000000,-1.731611)|1:1:(29.685839,42.764092)(0.017558,-0.089376)(0.331720,0.414921)(90.000000,-1.731611)|2:1:(130.000000,45.000000)(-0.000000,0.000000)(-0.000000,0.000000)(-90.000000,-1.731611)
2,0,passer|797|2000|0|0|0|(119.583396,43.119265)(0.004873,-0.000511)|2:0:(119.837476,43.091608)(0.442818,-0.047791)(0.183865,-0.019623)(-0.000000,0.000000)|1:0:(4.995143,43.126653)(-0.007389,0.007000)(-0.002532,0.000122)(90.000000,-1.880225)|1:1:(30.011609,43.161673)(0.005620,0.040553)(-0.005989,-0.001344)(90.000000,-1.880225)|2:1:(130.000000,45.000000)(-0.000000,-0.000000)(-0.000000,0.000000)(-90.000000,-1.880225)
2,0,passer|811|2000|0|0|0|(119.627622,43.114629)(0.002048,-0.000215)|2:0:(119.724485,43.104159)(0.225694,-0.024155)(0.126783,-0.013471)(-0.000000,0.000000)|1:0:(5.000351,43.112974)(0.003365,-0.004462)(0.003014,-0.002592)(90.000000,-1.885156)|1:1:(29.995476,43.104408)(-0.005251,-0.024149)(-0.000727,-0.013714)(90.000000,-1.885156)|2:1:(130.000000,45.000000)(0.000000,0.000000)(0.000000,0.000000)(-90.000000,-1.885156)
2,0,passer|834|2000|0|0|0|(119.651974,43.112077)(0.000493,-0.000052)|2:0:(119.657582,43.111443)(0.061721,-0.006619)(0.055620,-0.005933)(-0.000000,0.000000)|1:0:(4.999726,43.112015)(0.000783,-0.001198)(0.001057,-0.001084)(90.000000,-1.887871)|1:1:(29.999093,43.111432)(-0.001736,-0.006621)(-0.000829,-0.005925)(90.000000,-1.887871)|2:1:(130.000000,45.000000)(-0.000000,0.000000)(-0.000000,0.000000)(-90.000000,-1.887871)
2,0,passer|842|2000|0|0|0|(119.654992,43.111761)(0.000301,-0.000032)|2:0:(119.682414,43.108842)(-0.014834,0.001610)(-0.042556,0.004560)(-0.000000,0.000000)|1:0:(5.000596,43.111219)(0.000004,0.000228)(-0.000592,0.000801)(90.000000,-1.888208)|1:1:(29.999751,43.108849)(0.000855,0.001617)(0.001104,0.004560)(90.000000,-1.888208)|2:1:(130.000000,45.000000)(0.000000,0.000000)(0.000000,0.000000)(-90.000000,-1.888208)
2,0,passer|848|2000|0|0|0|(119.656453,43.111607)(0.000207,-0.000022)|2:0:(119.672159,43.109940)(-0.015897,0.001717)(-0.031810,0.003405)(-0.000000,0.000000)|1:0:(5.000387,43.111292)(-0.000088,0.000266)(-0.000475,0.000603)(90.000000,-1.888371)|1:1:(29.999956,43.109945)(0.000711,0.001721)(0.000754,0.003405)(90.000000,-1.888371)|2:1:(130.000000,45.000000)(0.000000,0.000000)(0.000000,0.000000)(-90.000000,-1.888371)
2,0,passer|854|2000|0|0|0|(119.657461,43.111502)(0.000143,-0.000015)|2:0:(119.665432,43.110660)(-0.014930,0.001608)(-0.023044,0.002465)(-0.000000,0.000000)|1:0:(5.000239,43.111337)(-0.000129,0.000259)(-0.000368,0.000440)(90.000000,-1.888483)|1:1:(30.000070,43.110663)(0.000566,0.001610)(0.000496,0.002464)(90.000000,-1.888483)|2:1:(130.000000,45.000000)(0.000000,0.000000)(0.000000,0.000000)(-90.000000,-1.888483)
2,0,passer|860|2000|0|0|0|(119.658157,43.111429)(0.000099,-0.000010)|2:0:(119.661251,43.111106)(-0.012979,0.001395)(-0.016172,0.001728)(-0.000000,0.000000)|1:0:(5.000137,43.111360)(-0.000138,0.000231)(-0.000275,0.000311)(90.000000,-1.888561)|1:1:(30.000123,43.111109)(0.000434,0.001397)(0.000311,0.001727)(90.000000,-1.888561)|2:1:(130.000000,45.000000)(0.000000,0.000000)(0.000000,0.000000)(-90.000000,-1.888561)
2,0,passer|866|2000|0|0|0|(119.658636,43.111379)(0.000068,-0.000007)|2:0:(119.658842,43.111363)(-0.010693,0.001148)(-0.010967,0.001171)(-0.000000,0.000000)|1:0:(5.000070,43.111367)(-0.000129,0.000193)(-0.000200,0.000212)(90.000000,-1.888614)|1:1:(30.000140,43.111365)(0.000323,0.001149)(0.000183,0.001169)(90.000000,-1.888614)|2:1:(130.000000,45.000000)(0.000000,0.000000)(0.000000,0.000000)(-90.000000,-1.888614)
2,0,passer|871|2000|0|0|0|(119.658920,43.111349)(0.000050,-0.000005)|2:0:(119.666067,43.110587)(-0.001447,0.000160)(-0.008644,0.000927)(-0.000000,0.000000)|1:0:(5.000140,43.111209)(0.000031,0.000017)(-0.000109,0.000162)(90.000000,-1.888646)|1:1:(29.999903,43.110588)(0.000150,0.000162)(0.000248,0.000928)(90.000000,-1.888646)|2:1:(130.000000,45.000000)(0.000000,0.000000)(0.000000,0.000000)(-90.000000,-1.888646)
2,0,passer|878|2000|0|0|0|(119.659196,43.111320)(0.000032,-0.000003)|2:0:(119.657149,43.111542)(-0.006445,0.000690)(-0.004431,0.000472)(-0.000000,0.000000)|1:0:(5.000002,43.111355)(-0.000093,0.000119)(-0.000095,0.000087)(90.000000,-1.888677)|1:1:(30.000120,43.111543)(0.000162,0.000690)(0.000043,0.000471)(90.000000,-1.888677)|2:1:(130.000000,45.000000)(0.000000,0.000000)(0.000000,0.000000)(-90.000000,-1.888677)
2,0,passer|884|2000|0|0|0|(119.659353,43.111303)(0.000022,-0.000002)|2:0:(119.657133,43.111543)(-0.004759,0.000509)(-0.002562,0.000272)(-0.000000,0.000000)|1:0:(4.999989,43.111343)(-0.000073,0.000089)(-0.000062,0.000051)(90.000000,-1.888694)|1:1:(30.000100,43.111544)(0.000109,0.000509)(0.000009,0.000271)(90.000000,-1.888694)|2:1:(130.000000,45.000000)(0.000000,0.000000)(0.000000,0.000000)(-90.000000,-1.888694)
2,0,passer|889|2000|0|0|0|(119.659446,43.111294)(0.000016,-0.000002)|2:0:(119.660769,43.111154)(-0.002315,0.000249)(-0.003654,0.000391)(-0.000000,0.000000)|1:0:(5.000039,43.111266)(-0.000019,0.000041)(-0.000058,0.000070)(90.000000,-1.888705)|1:1:(30.000009,43.111155)(0.000089,0.000250)(0.000080,0.000391)(90.000000,-1.888705)|2:1:(130.000000,45.000000)(0.000000,0.000000)(0.000000,0.000000)(-90.000000,-1.888705)
2,0,passer|895|2000|0|0|0|(119.659526,43.111285)(0.000011,-0.000001)|2:0:(119.660063,43.111229)(-0.002025,0.000218)(-0.002573,0.000275)(-0.000000,0.000000)|1:0:(5.000022,43.111274)(-0.000021,0.000036)(-0.000043,0.000049)(90.000000,-1.888713)|1:1:(30.000018,43.111230)(0.000068,0.000218)(0.000050,0.000275)(90.000000,-1.888713)|2:1:(130.000000,45.000000)(0.000000,0.000000)(0.000000,0.000000)(-90.000000,-1.888713)
2,0,passer|901|2000|0|0|0|(119.659581,43.111280)(0.000008,-0.000001)|2:0:(119.659649,43.111273)(-0.001676,0.000180)(-0.001752,0.000187)(-0.000000,0.000000)|1:0:(5.000012,43.111277)(-0.000020,0.000031)(-0.000032,0.000034)(90.000000,-1.888720)|1:1:(30.000021,43.111274)(0.000051,0.000180)(0.000030,0.000187)(90.000000,-1.888720)|2:1:(130.000000,45.000000)(0.000000,0.000000)(0.000000,0.000000)(-90.000000,-1.888720)
2,0,passer|907|2000|0|0|0|(119.659619,43.111276)(0.000005,-0.000001)|2:0:(119.659431,43.111297)(-0.001330,0.000143)(-0.001147,0.000122)(-0.000000,0.000000)|1:0:(5.000005,43.111278)(-0.000018,0.000024)(-0.000022,0.000022)(90.000000,-1.888724)|1:1:(30.000021,43.111297)(0.000037,0.000143)(0.000016,0.000122)(90.000000,-1.888724)|2:1:(130.000000,45.000000)(0.000000,0.000000)(0.000000,0.000000)(-90.000000,-1.888724)
2,0,passer|913|2000|0|0|0|(119.659645,43.111273)(0.000004,-0.000000)|2:0:(119.659339,43.111306)(-0.001018,0.000109)(-0.000715,0.000076)(-0.000000,0.000000)|1:0:(5.000001,43.111278)(-0.000015,0.000019)(-0.000015,0.000014)(90.000000,-1.888727)|1:1:(30.000019,43.111306)(0.000026,0.000109)(0.000007,0.000076)(90.000000,-1.888727)|2:1:(130.000000,45.000000)(0.000000,0.000000)(0.000000,0.000000)(-90.000000,-1.888727)
2,0,passer|35|2000|0|0|0|(75.000000,45.000000)(0.000000,0.000000)|2:0:(119.156020,46.294103)(0.091463,-0.140243)(0.935443,-1.434346)(-90.000000,0.000000)|1:0:(4.771909,45.524609)(0.225324,-0.518245)(0.453415,-1.042854)(90.000000,0.000000)|1:1:(31.021588,43.501670)(-0.141674,0.207788)(-1.163262,1.706118)(90.000000,0.000000)|2:1:(130.163721,45.720372)(0.106020,0.466487)(-0.057701,-0.253886)(-90.000000,0.000000)
2,0,passer|48|2000|0|0|0|(75.000000,45.000000)(0.000000,0.000000)|2:0:(119.586860,45.633481)(0.052469,-0.080453)(0.465609,-0.713934)(-90.000000,0.000000)|1:0:(5.179722,44.586639)(0.070732,-0.162685)(-0.108990,0.250677)(90.000000,0.000000)|1:1:(30.589960,44.134726)(0.088380,-0.129625)(-0.501579,0.735650)(90.000000,0.000000)|2:1:(130.046816,45.205993)(-0.046725,-0.205592)(-0.093542,-0.411584)(-90.000000,0.000000)
2,0,attaquant|48|2000|0|0|0|(75.000000,45.000000)(0.000000,0.000000)|2:0:(119.586860,45.633481)(0.052469,-0.080453)(0.465609,-0.713934)(-90.000000,0.000000)|1:0:(5.179722,44.586639)(0.070732,-0.162685)(-0.108990,0.250677)(90.000000,0.000000)|1:1:(30.589960,44.134726)(0.088380,-0.129625)(-0.501579,0.735650)(90.000000,0.000000)|2:1:(130.046816,45.205993)(-0.046725,-0.205592)(-0.093542,-0.411584)(-90.000000,0.000000)
2,0,passer|281|2000|0|0|0|(80.340282,65.754333)(0.000585,0.000122)|2:0:(37.979142,44.993491)(0.016214,0.006580)(0.037071,0.013089)(-0.000000,0.000000)|1:0:(6.999414,49.999349)(-0.002035,-0.002907)(-0.001449,-0.002256)(90.000000,20.000000)|1:1:(30.000950,65.753882)(0.027932,0.001879)(0.026981,0.002207)(90.000000,-20.754210)|2:1:(130.000000,45.000001)(0.000000,0.000002)(0.000000,0.000001)(-90.000000,-20.754210)
2,0,passer|406|2000|0|0|0|(80.349437,65.756247)(0.000000,0.000000)|2:0:(80.318082,65.740853)(0.004832,0.002373)(0.036186,0.017767)(-0.000000,0.000000)|1:0:(6.999999,49.999999)(0.000002,0.000003)(0.000003,0.000004)(90.000000,20.000000)|1:1:(30.000019,65.756249)(-0.000024,-0.000001)(-0.000043,-0.000003)(90.000000,-20.756247)|2:1:(130.000000,45.000000)(-0.000000,-0.000000)(-0.000000,-0.000000)(-90.000000,-20.756247)
2,0,passer|416|2000|0|0|0|(80.349439,65.756248)(0.000000,0.000000)|2:0:(80.340948,65.752079)(-0.023733,-0.011652)(-0.015242,-0.007483)(-0.000000,0.000000)|1:0:(6.999999,49.999998)(-0.000001,-0.000002)(0.000000,-0.000000)(90.000000,20.000000)|1:1:(30.000018,65.756249)(0.000024,0.000002)(0.000006,0.000001)(90.000000,-20.756248)|2:1:(130.000000,45.000000)(0.000000,0.000000)(-0.000000,-0.000000)(-90.000000,-20.756248)
2,0,passer|422|2000|0|0|0|(80.349439,65.756248)(0.000000,0.000000)|2:0:(80.340661,65.751938)(-0.017368,-0.008527)(-0.008589,-0.004217)(-0.000000,0.000000)|1:0:(6.999999,49.999998)(-0.000001,-0.000001)(0.000000,0.000000)(90.000000,20.000000)|1:1:(30.000015,65.756249)(0.000016,0.000001)(0.000001,0.000000)(90.000000,-20.756248)|2:1:(130.000000,45.000000)(0.000000,0.000000)(-0.000000,-0.000000)(-90.000000,-20.756248)
2,0,passer|427|2000|0|0|0|(80.349440,65.756248)(0.000000,0.000000)|2:0:(80.353669,65.758324)(-0.008987,-0.004413)(-0.013216,-0.006489)(-0.000000,0.000000)|1:0:(7.000000,50.000000)(-0.000001,-0.000001)(-0.000001,-0.000001)(90.000000,20.000000)|1:1:(30.000002,65.756248)(0.000013,0.000001)(0.000012,0.000001)(90.000000,-20.756248)|2:1:(130.000000,45.000000)(0.000000,0.000000)(0.000000,0.000000)(-90.000000,-20.756248)
2,0,passer|433|2000|0|0|0|(80.349440,65.756248)(0.000000,0.000000)|2:0:(80.350946,65.756987)(-0.007717,-0.003789)(-0.009222,-0.004528)(-0.000000,0.000000)|1:0:(7.000000,50.000000)(-0.000001,-0.000001)(-0.000000,-0.000001)(90.000000,20.000000)|1:1:(30.000003,65.756248)(0.000010,0.000001)(0.000007,0.000001)(90.000000,-20.756248)|2:1:(130.000000,45.000000)(0.000000,0.000000)(0.000000,0.000000)(-90.000000,-20.756248)
2,0,passer|438|2000|0|0|0|(80.349440,65.756248)(0.000000,0.000000)|2:0:(80.355654,65.759299)(-0.000096,-0.000047)(-0.006310,-0.003098)(-0.000000,0.000000)|1:0:(7.000000,50.000000)(-0.000000,-0.000000)(-0.000001,-0.000001)(90.000000,20.000000)|1:1:(29.999996,65.756248)(0.000004,0.000000)(0.000008,0.000001)(90.000000,-20.756248)|2:1:(130.000000,45.000000)(0.000000,0.000000)(0.000000,0.000000)(-90.000000,-20.756248)
2,0,passer|727|2000|0|0|0|(80.349441,65.756248)(0.000000,0.000000)|2:0:(80.349441,65.756248)(0.000000,0.000000)(0.000000,0.000000)(-0.000000,0.000000)|1:0:(7.000000,50.000000)(0.000000,0.000000)(0.000000,0.000000)(90.000000,20.000000)|1:1:(30.000000,65.756248)(-0.000000,-0.000000)(-0.000000,-0.000000)(90.000000,-20.756248)|2:1:(130.000000,45.000000)(0.000000,0.000000)(0.000000,0.000000)(-90.000000,-20.756248)
2,0,passer|735|2000|0|0|0|(80.349441,65.756248)(0.000000,0.000000)|2:0:(80.349441,65.756248)(0.000000,0.000000)(-0.000000,-0.000000)(-0.000000,0.000000)|1:0:(7.000000,50.000000)(-0.000000,-0.000000)(-0.000000,-0.000000)(90.000000,20.000000)|1:1:(30.000000,65.756248)(-0.000000,-0.000000)(0.000000,0.000000)(90.000000,-20.756248)|2:1:(130.000000,45.000000)(0.000000,-0.000000)(-0.000000,-0.000000)(-90.000000,-20.756248)
2,0,passer|743|2000|0|0|0|(80.349441,65.756248)(0.000000,0.000000)|2:0:(80.349441,65.756248)(-0.000000,-0.000000)(-0.000000,-0.000000)(-0.000000,0.000000)|1:0:(7.000000,50.000000)(-0.000000,-0.000000)(0.000000,0.000000)(90.000000,20.000000)|1:1:(30.000000,65.756248)(0.000000,0.000000)(0.000000,0.000000)(90.000000,-20.756248)|2:1:(130.000000,45.000000)(-0.000000,-0.000000)(-0.000000,0.000000)(-90.000000,-20.756248)
2,0,passer|749|2000|0|0|0|(80.349441,65.756248)(0.000000,0.000000)|2:0:(80.349441,65.756248)(-0.000000,-0.000000)(-0.000000,-0.000000)(-0.000000,0.000000)|1:0:(7.000000,50.000000)(-0.000000,-0.000000)(0.000000,0.000000)(90.000000,20.000000)|1:1:(30.000000,65.756248)(0.000000,0.000000)(-0.000000,0.000000)(90.000000,-20.756248)|2:1:(130.000000,45.000000)(-0.000000,-0.000000)(-0.000000,0.000000)(-90.000000,-20.756248)
2,0,passer|756|2000|0|0|0|(80.349441,65.756248)(0.000000,0.000000)|2:0:(80.349441,65.756248)(-0.000000,-0.000000)(0.000000,0.000000)(-0.000000,0.000000)|1:0:(7.000000,50.000000)(0.000000,0.000000)(0.000000,0.000000)(90.000000,20.000000)|1:1:(30.000000,65.756248)(-0.000000,-0.000000)(-0.000000,-0.000000)(90.000000,-20.756248)|2:1:(130.000000,45.000000)(-0.000000,0.000000)(-0.000000,0.000000)(-90.000000,-20.756248)
2,0,passer|775|2000|0|0|0|(80.349441,65.756248)(0.000000,0.000000)|2:0:(80.349441,65.756248)(0.000000,0.000000)(0.000000,0.000000)(-0.000000,0.000000)|1:0:(7.000000,50.000000)(0.000000,0.000000)(-0.000000,0.000000)(90.000000,20.000000)|1:1:(30.000000,65.756248)(-0.000000,-0.000000)(-0.000000,-0.000000)(90.000000,-20.756248)|2:1:(130.000000,45.000000)(0.000000,0.000000)(0.000000,0.000000)(-90.000000,-20.756248)
2,0,passer|780|2000|0|0|0|(80.349441,65.756248)(0.000000,0.000000)|2:0:(80.349441,65.756248)(0.000000,0.000000)(0.000000,0.000000)(-0.000000,0.000000)|1:0:(7.000000,50.000000)(0.000000,0.000000)(0.000000,0.000000)(90.000000,20.000000)|1:1:(30.000000,65.756248)(-0.000000,-0.000000)(-0.000000,-0.000000)(90.000000,-20.756248)|2:1:(130.000000,45.000000)(-0.000000,0.000000)(-0.000000,0.000000)(-90.000000,-20.756248)
2,0,passer|788|2000|0|0|0|(80.349441,65.756248)(0.000000,0.000000)|2:0:(80.349441,65.756248)(0.000000,0.000000)(-0.000000,-0.000000)(-0.000000,0.000000)|1:0:(7.000000,50.000000)(-0.000000,0.000000)(-0.000000,-0.000000)(90.000000,20.000000)|1:1:(30.000000,65.756248)(0.000000,-0.000000)(0.000000,0.000000)(90.000000,-20.756248)|2:1:(130.000000,45.000000)(0.000000,0.000000)(0.000000,0.000000)(-90.000000,-20.756248)
2,0,passer|794|2000|0|0|0|(80.349441,65.756248)(0.000000,0.000000)|2:0:(80.349441,65.756248)(-0.000000,-0.000000)(-0.000000,-0.000000)(-0.000000,0.000000)|1:0:(7.000000,50.000000)(-0.000000,0.000000)(-0.000000,-0.000000)(90.000000,20.000000)|1:1:(30.000000,65.756248)(0.000000,-0.000000)(0.000000,0.000000)(90.000000,-20.756248)|2:1:(130.000000,45.000000)(0.000000,0.000000)(0.000000,0.000000)(-90.000000,-20.756248)
2,0,passer|801|2000|0|0|0|(80.349441,65.756248)(0.000000,0.000000)|2:0:(80.349441,65.756248)(-0.000000,-0.000000)(-0.000000,-0.000000)(-0.000000,0.000000)|1:0:(7.000000,50.000000)(-0.000000,-0.000000)(0.000000,-0.000000)(90.000000,20.000000)|1:1:(30.000000,65.756248)(0.000000,0.000000)(0.000000,0.000000)(90.000000,-20.756248)|2:1:(130.000000,45.000000)(0.000000,-0.000000)(-0.000000,-0.000000)(-90.000000,-20.756248)
2,0,passer|881|2000|0|0|0|(80.349441,65.756248)(0.000000,0.000000)|2:0:(80.349441,65.756248)(0.000000,0.000000)(-0.000000,-0.000000)(-0.000000,0.000000)|1:0:(7.000000,50.000000)(0.000000,-0.000000)(0.000000,0.000000)(90.000000,20.000000)|1:1:(30.000000,65.756248)(-0.000000,0.000000)(0.000000,0.000000)(90.000000,-20.756248)|2:1:(130.000000,45.000000)(-0.000000,-0.000000)(-0.000000,0.000000)(-90.000000,-20.756248)
2,0,passer|886|2000|0|0|0|(80.349441,65.756248)(0.000000,0.000000)|2:0:(80.349441,65.756248)(0.000000,0.000000)(0.000000,0.000000)(-0.000000,0.000000)|1:0:(7.000000,50.000000)(0.000000,-0.000000)(0.000000,-0.000000)(90.000000,20.000000)|1:1:(30.000000,65.756248)(-0.000000,0.000000)(-0.000000,0.000000)(90.000000,-20.756248)|2:1:(130.000000,45.000000)(-0.000000,-0.000000)(-0.000000,-0.000000)(-90.000000,-20.756248)
2,0,passer|892|2000|0|0|0|(80.349441,65.756248)(0.000000,0.000000)|2:0:(80.349441,65.756248)(0.000000,0.000000)(0.000000,0.000000)(-0.000000,0.000000)|1:0:(7.000000,50.000000)(0.000000,-0.000000)(0.000000,-0.000000)(90.000000,20.000000)|1:1:(30.000000,65.756248)(-0.000000,0.000000)(-0.000000,0.000000)(90.000000,-20.756248)|2:1:(130.000000,45.000000)(-0.000000,-0.000000)(-0.000000,-0.000000)(-90.000000,-20.756248)
2,0,passer|30|2000|0|0|0|(75.000000,45.000000)(0.000000,0.000000)|2:0:(119.941616,45.089522)(-0.546268,0.837611)(-0.487884,0.748089)(-90.000000,0.000000)|1:0:(4.355632,46.482045)(-0.171452,0.394340)(0.472915,-1.087705)(90.000000,0.000000)|1:1:(30.507003,44.256395)(0.541432,-0.794100)(0.034429,-0.050496)(90.000000,0.000000)|2:1:(129.587653,43.185674)(0.022280,0.098031)(0.434627,1.912358)(-90.000000,0.000000)
2,0,passer|48|2000|0|0|0|(75.000000,45.000000)(0.000000,0.000000)|2:0:(119.586860,45.633481)(0.052469,-0.080453)(0.465609,-0.713934)(-90.000000,0.000000)|1:0:(5.179722,44.586639)(0.070732,-0.162685)(-0.108990,0.250677)(90.000000,0.000000)|1:1:(30.589960,44.134726)(0.088380,-0.129625)(-0.501579,0.735650)(90.000000,0.000000)|2:1:(130.046816,45.205993)(-0.046725,-0.205592)(-0.093542,-0.411584)(-90.000000,0.000000)
2,0,attaquant|175|2000|0|0|0|(75.000000,45.000000)(0.000000,0.000000)|2:0:(75.021879,44.999007)(-0.000630,0.000011)(-0.022508,0.001004)(-0.000000,0.000000)|1:0:(4.999858,45.000327)(-0.000210,0.000483)(-0.000068,0.000156)(90.000000,0.000000)|1:1:(29.999698,45.000443)(0.000204,-0.000299)(0.000506,-0.000742)(90.000000,0.000000)|2:1:(129.999975,44.999890)(0.000079,0.000347)(0.000104,0.000457)(-90.000000,0.000000)
2,0,passer|226|2000|0|0|0|(56.688017,73.056563)(1.147489,0.644600)|2:0:(37.708679,57.678550)(0.425014,0.905187)(18.256863,15.638599)(-2.000000,0.000000)|1:0:(4.979326,49.838173)(-0.194943,-0.124415)(1.825731,0.037412)(90.000000,20.000000)|1:1:(25.308280,57.730584)(0.835909,0.548869)(31.068156,15.230247)(90.000000,0.000000)|2:1:(129.999993,44.999971)(-0.000005,-0.000023)(0.000001,0.000006)(-90.000000,-27.411963)
2,0,passer|270|2000|0|0|0|(71.812128,81.552505)(0.061824,0.034729)|2:0:(72.903718,82.152066)(0.433435,0.232499)(-0.719979,-0.401791)(-0.000000,0.000000)|1:0:(7.002708,50.023426)(-0.102046,-0.095453)(-0.104754,-0.118879)(90.000000,20.000000)|1:1:(64.461327,77.785075)(0.891218,0.453575)(8.180195,4.186276)(90.000000,0.000000)|2:1:(130.000001,45.000003)(0.000000,0.000002)(-0.000000,-0.000001)(-90.000000,-36.517776)
2,0,passer|347|2000|0|0|0|(139.549813,78.166002)(0.070801,-0.003931)|2:0:(127.811868,78.603998)(0.999339,-0.036343)(12.666483,-0.470408)(-2.000000,0.000000)|1:0:(6.998208,49.998267)(-0.001560,-0.001865)(0.000232,-0.000132)(90.000000,20.000000)|1:1:(29.458051,77.960599)(0.137019,0.023790)(0.678968,0.233124)(90.000000,-33.169933)|2:1:(137.892870,76.278563)(0.491105,0.871101)(2.077247,2.762471)(-90.000000,0.000000)
2,0,passer|435|2000|0|0|0|(74.387234,62.089011)(-0.034667,-0.008443)|2:0:(75.224787,62.292001)(-0.972013,-0.234926)(-1.774899,-0.429473)(-0.000000,0.000000)|1:0:(6.999981,49.999980)(-0.000007,-0.000011)(0.000011,0.000009)(90.000000,20.000000)|1:1:(39.551384,62.057951)(0.999978,-0.006694)(35.870494,0.032809)(90.000000,0.000000)|2:1:(130.006913,45.018432)(-0.089181,-0.255442)(-0.096094,-0.273874)(-90.000000,-17.097454)
2,0,attaquant|659|2000|0|0|0|(124.762596,79.695417)(0.947976,0.236187)|2:0:(89.130257,70.806623)(0.970313,0.241852)(35.654677,8.894458)(-2.000000,0.000000)|1:0:(7.000000,50.000000)(0.000000,0.000000)(0.000000,0.000000)(90.000000,20.000000)|1:1:(60.316551,69.677000)(-0.963455,0.267869)(-31.280007,10.050098)(90.000000,-34.459229)|2:1:(130.016629,45.057383)(0.022011,0.075805)(0.005382,0.018422)(-90.000000,-34.459229)
2,0,passer|740|2000|0|0|0|(80.834513,89.422179)(-0.730002,0.082002)|2:0:(37.782653,44.899362)(-0.508683,-0.235472)(-0.291335,-0.134833)(-0.000000,0.000000)|1:0:(7.000000,50.000000)(0.000000,0.000000)(0.000000,0.000000)(90.000000,20.000000)|1:1:(30.104241,89.898992)(-0.015949,-0.099477)(-0.120190,-0.658292)(90.000000,-44.340176)|2:1:(132.300910,61.422363)(-0.149833,-0.988711)(-2.450743,-17.411074)(-90.000000,-44.340176)
2,0,passer|28|2000|0|0|0|(75.000000,45.000000)(0.000000,0.000000)|2:0:(121.034152,43.414301)(-0.546268,0.837611)(-1.580420,2.423310)(-90.000000,0.000000)|1:0:(4.806193,45.445756)(-0.398726,0.917070)(-0.204919,0.471314)(90.000000,0.000000)|1:1:(29.402234,45.876723)(0.563337,-0.826227)(1.161102,-1.702950)(90.000000,0.000000)|2:1:(129.589867,43.195415)(-0.076464,-0.336443)(0.333669,1.468142)(-90.000000,0.000000)
2,0,passer|213|2000|0|0|0|(75.000000,45.000000)(0.000000,0.000000)|2:0:(74.999060,44.999877)(-0.000284,-0.000040)(0.000656,0.000084)(-0.000000,0.000000)|1:0:(5.000021,44.999953)(0.000028,-0.000064)(0.000007,-0.000017)(90.000000,0.000000)|1:1:(30.000037,44.999946)(-0.000032,0.000047)(-0.000069,0.000101)(90.000000,0.000000)|2:1:(130.000002,45.000011)(-0.000011,-0.000050)(-0.000014,-0.000061)(-90.000000,0.000000)
2,0,attaquant|254|2000|0|0|0|(75.000000,45.000000)(0.000000,0.000000)|2:0:(74.999897,44.999986)(-0.000015,-0.000002)(0.000089,0.000011)(-0.000000,0.000000)|1:0:(5.000003,44.999994)(0.000003,-0.000007)(0.000000,-0.000001)(90.000000,0.000000)|1:1:(30.000003,44.999995)(-0.000005,0.000007)(-0.000008,0.000012)(90.000000,0.000000)|2:1:(130.000000,45.000000)(-0.000001,-0.000006)(-0.000001,-0.000007)(-90.000000,0.000000)
2,0,passer|263|2000|0|0|0|(41.876373,46.633556)(-2.790512,0.137620)|2:0:(70.440084,45.224963)(-0.998786,0.049262)(-26.771984,1.320235)(-71.438870,-0.175701)|1:0:(4.999999,46.415091)(-0.000003,-0.097746)(-0.000002,-0.016900)(90.000000,-1.495936)|1:1:(34.561906,45.160755)(0.998224,0.059569)(11.103204,1.394750)(90.000000,0.000000)|2:1:(130.000000,45.000001)(0.000001,0.000004)(0.000001,0.000003)(-90.000000,-1.495936)
2,0,conserver|350|2000|0|0|0|(66.677603,19.815239)(0.212339,-0.103986)|2:0:(47.784902,27.957878)(0.918976,-0.394312)(19.599339,-8.432965)(-2.000000,0.000000)|1:0:(0.000000,40.012994)(-0.000000,-0.000000)(-3.000000,-0.013922)(90.000000,20.000000)|1:1:(45.240962,30.696178)(0.891160,-0.453688)(22.115463,-11.230640)(90.000000,0.000000)|2:1:(130.000000,45.000000)(0.000000,0.000000)(0.000000,0.000000)(-90.000000,-25.080774)
2,0,conserver|360|2000|0|0|0|(68.196271,19.071518)(0.112194,-0.054944)|2:0:(56.965616,23.993752)(0.917160,-0.398520)(12.035620,-5.265810)(-2.000000,0.000000)|1:0:(0.000000,40.006518)(-0.000000,-0.000000)(-3.000000,-0.006983)(90.000000,20.000000)|1:1:(54.157524,26.169050)(0.892023,-0.451991)(14.818575,-7.494578)(90.000000,0.000000)|2:1:(130.000000,45.000000)(-0.000000,-0.000000)(-0.000000,-0.000000)(-90.000000,-25.873538)
2,0,passer|447|2000|0|0|0|(134.814104,1.897206)(0.064572,-0.016332)|2:0:(126.430417,3.999618)(0.969999,-0.243110)(9.289114,-2.329189)(-2.000000,0.000000)|1:0:(0.000000,40.000016)(-0.000000,-0.000000)(-3.000000,-0.000017)(90.000000,20.000000)|1:1:(29.877605,1.241799)(0.024553,-0.261199)(0.146948,0.410541)(90.000000,-43.086462)|2:1:(131.838117,20.519094)(0.133089,-0.991104)(3.044504,-19.596660)(-90.000000,0.000000)
2,0,conserver|493|2000|0|0|0|(83.561822,13.091295)(-1.026745,0.224801)|2:0:(120.643433,4.946215)(-0.976711,0.214561)(-37.031576,8.134840)(-2.000000,0.000000)|1:0:(0.000000,40.000001)(-0.000000,-0.000000)(-3.000000,-0.000001)(90.000000,20.000000)|1:1:(30.018384,12.617011)(0.021220,-0.125886)(0.002836,0.123596)(90.000000,-32.133507)|2:1:(132.676242,20.640142)(-0.114354,0.993440)(-2.790596,25.353299)(-90.000000,-32.133507)
2,0,passer|499|2000|0|0|0|(78.736562,14.147763)(-0.669268,0.146533)|2:0:(114.783136,6.233430)(-0.976721,0.214511)(-36.354028,7.982311)(-2.000000,0.000000)|1:0:(0.000000,40.000000)(-0.000000,-0.000000)(-3.000000,-0.000000)(90.000000,20.000000)|1:1:(29.974520,14.505743)(-0.002609,0.118012)(0.022871,-0.386501)(90.000000,-30.998770)|2:1:(132.005642,26.602545)(-0.110421,0.993885)(-2.116062,19.391340)(-90.000000,-30.998770)
2,0,passer|511|2000|0|0|0|(73.424782,15.310753)(-0.299357,0.065543)|2:0:(103.062300,8.806753)(-0.976748,0.214393)(-30.314908,6.652850)(-2.000000,0.000000)|1:0:(0.000000,40.000000)(-0.000000,-0.000000)(-3.000000,-0.000000)(90.000000,20.000000)|1:1:(31.856629,14.580545)(0.698337,-0.088612)(42.565848,0.576054)(90.000000,0.000000)|2:1:(130.699508,38.531248)(-0.108033,0.994147)(-0.807541,7.462899)(-90.000000,-29.754790)
2,0,passer|520|2000|0|0|0|(71.447702,15.743626)(-0.167630,0.036702)|2:0:(94.271505,10.735983)(-0.976760,0.214335)(-23.632933,5.185276)(-2.000000,0.000000)|1:0:(0.000000,40.000000)(-0.000000,-0.000000)(-3.000000,-0.000000)(90.000000,20.000000)|1:1:(40.628332,14.329893)(0.999933,0.011543)(31.986934,1.388573)(90.000000,0.000000)|2:1:(129.826126,46.614199)(-0.045634,0.427572)(0.128240,-1.186627)(-90.000000,-29.293076)
2,0,passer|536|2000|0|0|0|(69.813977,16.101323)(-0.061117,0.013381)|2:0:(78.643209,14.164739)(-0.976775,0.214267)(-9.744891,2.137469)(-2.000000,0.000000)|1:0:(0.000000,40.000000)(-0.000000,-0.000000)(-3.000000,-0.000000)(90.000000,20.000000)|1:1:(56.609722,15.065496)(0.997798,0.066319)(14.263171,1.088765)(90.000000,0.000000)|2:1:(129.979400,45.198436)(0.030217,-0.284936)(0.050817,-0.483372)(-90.000000,-28.912059)
2,0,passer|610|2000|0|0|0|(136.046188,9.098406)(0.075071,-0.008008)|2:0:(124.966201,10.269420)(0.994467,-0.105047)(11.999383,-1.268054)(-2.000000,0.000000)|1:0:(0.000000,40.000000)(-0.000000,-0.000000)(-3.000000,-0.000000)(90.000000,20.000000)|1:1:(30.787754,9.636080)(-0.172144,-0.082665)(-0.959898,-0.612331)(90.000000,-35.893586)|2:1:(133.071818,19.637309)(0.222965,-0.974826)(3.122264,-11.505721)(-90.000000,0.000000)
2,0,passer|688|2000|0|0|0|(70.686578,17.819425)(-0.069921,0.009308)|2:0:(78.995455,16.708182)(-0.991169,0.132607)(-9.230125,1.234542)(-2.000000,0.000000)|1:0:(0.000000,40.000000)(-0.000000,-0.000000)(-3.000000,-0.000000)(90.000000,20.000000)|1:1:(52.025761,16.945491)(0.999249,0.038737)(19.729987,0.903363)(90.000000,0.000000)|2:1:(129.923666,45.616573)(0.031221,-0.243610)(0.107555,-0.860183)(-90.000000,-27.189883)
2,0,passer|740|2000|0|0|0|(132.703012,11.447503)(0.347486,-0.035818)|2:0:(104.951554,14.261889)(0.994913,-0.100739)(28.398885,-2.879307)(-2.000000,0.000000)|1:0:(0.000000,40.000000)(-0.000000,-0.000000)(-3.000000,-0.000000)(90.000000,20.000000)|1:1:(41.869762,14.151761)(-0.979900,-0.199490)(-12.849662,-2.867930)(90.000000,-33.516679)|2:1:(130.073083,41.778181)(0.038483,-0.899831)(2.320926,-31.194691)(-90.000000,0.000000)
2,0,millieu|830|2000|0|0|0|(71.770843,4.287317)(-0.073519,0.017169)|2:0:(84.965937,4.085398)(-0.999989,0.004656)(-14.121564,0.189406)(-2.000000,0.000000)|1:0:(0.000000,40.000000)(-0.000000,-0.000000)(-3.000000,-0.000000)(90.000000,20.000000)|1:1:(47.998707,4.393188)(0.999997,-0.002548)(24.845651,-0.125588)(90.000000,0.000000)|2:1:(129.905825,45.466879)(-0.113220,0.560639)(-0.019045,0.093761)(-90.000000,-40.729852)
2,0,passer|48|2000|0|0|0|(75.000000,45.000000)(0.000000,0.000000)|2:0:(119.586860,45.633481)(0.052469,-0.080453)(0.465609,-0.713934)(-90.000000,0.000000)|1:0:(5.179722,44.586639)(0.070732,-0.162685)(-0.108990,0.250677)(90.000000,0.000000)|1:1:(30.589960,44.134726)(0.088380,-0.129625)(-0.501579,0.735650)(90.000000,0.000000)|2:1:(130.046816,45.205993)(-0.046725,-0.205592)(-0.093542,-0.411584)(-90.000000,0.000000)
